8;46;51;KI-4097
8;47;11;MD-3429
8;48;52;MR-4785
8;50;34;BC-0697
8;50;57;KM-3011
8;51;51;DO-0083
8;52;42;MR-4785
8;53;37;KC-5813
8;54;2;DI-2797
8;55;8;DO-8005
8;55;48;MR-4785
8;56;3;CH-5530
8;56;50;BB-8519
8;57;7;CH-5530
8;57;48;BD-5782
9;1;6;MC-5076
9;1;52;BB-8519
9;1;55;DC-5821
9;2;21;MT-5999
9;3;36;DN-6079
9;5;11;DN-6079
9;6;7;MR-4785
9;6;32;MC-5076
9;7;55;BL-0803
9;9;7;MJ-4313
9;9;26;BB-8519
9;10;1;DO-5452
9;11;10;CK-0726
9;11;47;KL-9578
9;13;9;CL-1656
9;14;25;KK-0972
9;15;1;MJ-4313
9;15;21;DI-6429
9;16;27;DB-9199
9;17;10;BD-5782
9;18;4;DB-3277
9;19;14;CR-1019
9;19;32;DJ-9459
9;20;15;BL-0803
9;21;14;DN-6079
9;22;40;CK-0726
9;24;14;KQ-2692
9;25;23;DC-5821
9;25;52;MJ-0099
9;26;21;CR-1019
9;28;0;BD-5782
9;28;20;DO-8005
9;29;14;DN-6079
9;29;32;BJ-4930
9;31;1;DV-6520
9;31;8;CR-1019
9;31;24;KI-4097
9;32;20;DI-6429
9;32;51;DH-2465
9;33;51;DI-2797
9;34;35;BC-0697
9;35;37;DO-5452
9;36;42;DO-5452
9;37;48;BJ-4930
9;38;3;ML-2934
9;39;15;CL-1656
9;40;24;MQ-6121
9;41;36;DB-3277
9;42;14;KK-0972
9;42;17;DJ-9459
9;43;42;DO-0083
9;44;57;CL-1656
9;45;59;DV-6520
9;46;43;BC-0697
9;47;15;DC-5821
9;48;28;BD-5370
9;49;8;DC-5821
9;49;41;BB-8519
9;50;32;CH-5530
9;51;4;DI-6429
9;51;21;ML-2934
9;52;12;KC-5813
9;53;16;CH-5530
9;54;12;DH-2465
9;55;48;DB-3277
9;56;31;KC-5813
9;57;4;CK-5976
9;57;47;KI-4097
9;58;0;CL-7854
9;58;53;CR-1019
9;59;41;DO-5452
10;0;30;MJ-4313
10;1;4;DP-6135
10;1;50;CL-1656
10;2;25;DI-2797
10;2;45;DI-2797
10;3;27;MQ-6121
10;4;33;DO-5452
10;5;1;CL-7854
10;6;14;BD-5370
10;7;2;BD-5782
10;7;52;KQ-2692
10;7;57;ML-2934
10;9;29;BD-5370
10;10;56;DB-9199
10;12;4;BL-0803
10;12;49;DC-5821
10;14;21;DJ-9459
10;15;20;KM-3011
10;16;24;DC-5821
10;16;56;KC-5813
10;17;20;KK-0972
10;18;38;DO-5452
10;18;48;MJ-0099
10;19;13;KL-9578
10;19;30;DV-6520
10;19;49;BL-0803
10;21;19;MQ-6121
10;22;24;CR-1019
10;22;30;KQ-2692
10;22;50;MJ-0099
10;24;24;CL-7854
10;25;46;DO-0083
10;25;56;DP-6135
10;26;37;CK-5976
10;27;4;KM-3011
10;28;19;DE-4490
10;29;55;DH-2465
10;30;53;BB-8519
10;30;58;MC-5076
10;31;28;CH-5530
10;32;50;CK-5976
10;34;29;MJ-4313
10;35;26;DB-3277
10;35;43;KQ-2692
10;36;47;MT-5999
10;37;12;DO-0083
10;38;33;DO-0083
10;39;2;KI-4097
10;39;57;MC-5076
10;40;28;DP-6135
10;40;51;CL-1656
10;41;46;DV-6520
10;42;54;DB-3277
10;43;24;BJ-4930
10;45;3;BD-5370
10;45;45;CR-1019
10;46;50;BC-0697
10;47;9;MT-5999
10;48;46;DE-4490
10;49;28;DB-9199
10;49;46;DB-9199
10;50;52;KK-0972
10;51;11;BD-5782
10;52;26;CH-5530
10;52;34;MJ-4313
10;52;52;DP-6135
10;54;0;BL-0803
10;54;19;CK-5976
10;54;39;DO-0083
10;55;17;MQ-6121
10;56;31;DI-2797
10;57;28;BC-0697
10;57;55;DB-9199
10;59;8;BB-8519
10;59;19;KQ-2692
10;59;55;DV-6520
11;1;3;MD-3429
11;1;20;MT-5999
11;1;30;CK-0726
11;2;53;BD-5370
11;3;5;BC-0697
11;4;13;DJ-9459
11;5;16;MQ-6121
11;5;19;BL-0803
11;6;14;MD-3429
11;7;1;MJ-0099
11;7;8;ML-2934
11;8;23;KK-0972
11;9;28;DH-2465
11;9;57;MR-4785
11;10;48;CL-7854
11;12;7;KL-9578
11;13;8;BJ-4930
11;13;49;KL-9578
11;15;3;KI-4097
11;15;33;BD-5782
11;16;5;MD-3429
11;17;39;MQ-6121
11;18;55;DN-6079
11;19;49;DO-8005
11;20;8;KM-3011
11;20;30;MJ-0099
11;21;28;DN-6079
11;23;4;MC-5076
11;23;23;CL-7854
11;23;59;DO-0083
11;25;39;CK-0726
11;26;16;BB-8519
11;27;5;KI-4097
11;27;12;DJ-9459
11;28;12;CK-0726
11;29;46;DE-4490
11;30;19;ML-2934
11;31;42;DJ-9459
11;32;53;DH-2465
11;33;15;CK-5976
11;34;16;DP-6135
11;35;34;DO-8005
11;36;55;KL-9578
11;37;52;CK-0726
11;38;41;BD-5782
11;40;6;DH-2465
11;41;18;BB-8519
11;41;57;KQ-2692
11;42;36;DI-2797
11;42;41;KI-4097
11;43;4;DB-9199
11;44;24;MR-4785
11;44;35;DI-6429
11;46;5;CK-0726
11;46;33;KM-3011
11;46;40;DP-6135
11;47;5;DI-6429
11;48;34;MQ-6121
11;49;7;MD-3429
11;49;35;DO-8005
11;50;2;MQ-6121
11;50;38;DP-6135
11;51;50;BJ-4930
11;53;17;KL-9578
11;53;29;KI-4097
11;53;34;MJ-0099
11;54;34;DP-6135
11;56;5;KM-3011
11;57;34;BC-0697
11;58;51;DC-5821
11;59;0;CK-5976
12;0;39;CH-5530
12;2;0;BJ-4930
12;2;20;DO-8005
12;3;14;DP-6135
12;4;42;DE-4490
12;5;58;KC-5813
12;6;44;CR-1019
12;8;4;BD-5370
12;9;26;CK-5976
12;9;30;DN-6079
12;10;58;DV-6520
12;11;18;KC-5813
12;12;43;ML-2934
12;13;20;DH-2465
12;15;1;ML-2934
12;16;42;CH-5530
12;18;17;DO-8005
12;19;23;CK-0726
12;19;46;DE-4490
12;20;4;DB-9199
12;20;46;DO-8005
12;21;12;DB-3277
12;22;6;CL-1656
12;22;46;DJ-9459
12;24;9;MT-5999
12;25;3;KL-9578
12;25;17;ML-2934
12;26;5;KM-3011
12;26;44;CL-7854
12;26;52;MJ-0099
12;27;50;DV-6520
12;28;59;MJ-0099
12;29;36;DO-5452
12;30;41;CR-1019
12;31;5;MR-4785
12;31;47;MR-4785
12;32;56;DN-6079
12;33;13;KQ-2692
12;34;54;KC-5813
12;36;5;DV-6520
12;37;41;BJ-4930
12;38;52;DC-5821
12;39;55;BD-5370
12;41;18;MC-5076
12;42;4;DI-6429
12;42;15;DI-2797
12;43;38;BD-5782
12;44;8;MT-5999
12;44;48;KM-3011
12;44;51;MT-5999
12;45;52;KI-4097
12;46;9;DE-4490
12;46;27;KQ-2692
12;47;43;CL-1656
12;48;44;CK-5976
12;49;4;KK-0972
12;49;21;MC-5076
12;50;41;KQ-2692
12;52;22;CL-1656
12;52;56;BC-0697
12;53;26;MT-5999
12;54;23;DE-4490
12;54;43;BB-8519
12;56;0;KC-5813
12;56;8;CL-7854
12;56;48;DV-6520
12;57;12;MD-3429
12;57;40;MJ-0099
12;58;7;KK-0972
12;59;22;DB-3277
12;59;40;CH-5530
13;1;5;BL-0803
13;1;45;DC-5821
13;3;0;DE-4490
13;3;41;BJ-4930
13;4;53;MJ-4313
13;4;59;KK-0972
13;6;13;MT-5999
13;7;24;DI-6429
13;8;27;ML-2934
13;10;5;DN-6079
13;11;36;KM-3011
13;11;45;DH-2465
13;12;28;MD-3429
13;14;8;MR-4785
13;14;32;MQ-6121
13;15;1;BJ-4930
13;15;24;CL-1656
13;16;28;DB-9199
13;17;42;DB-3277
13;19;23;MJ-4313
13;19;48;BL-0803
13;21;26;MD-3429
13;22;23;DI-6429
13;22;51;DI-6429
13;24;2;KL-9578
13;24;59;CL-7854
13;26;9;DI-2797
13;27;51;MC-5076
13;29;26;CL-7854
13;30;5;DI-2797
13;30;11;CK-0726
13;30;50;DB-9199
13;31;57;DO-0083
13;33;28;BD-5782
13;33;42;KL-9578
13;34;49;KK-0972
13;34;56;DO-8005
13;35;10;DO-0083
13;36;49;DJ-9459
13;37;56;BL-0803
13;38;17;DO-5452
13;39;16;MJ-4313
13;40;44;BD-5370
13;42;19;CR-1019
13;43;47;DJ-9459
13;45;29;BC-0697
13;46;35;KC-5813
13;48;1;DH-2465
13;48;8;DE-4490
13;48;51;MD-3429
